2.3: 5, 6, 7.
2.4: 10, 12, 15, 16, 17, 20, 23.
2.5: 27, 29, 30, 33, 34.
2.6: 36, 37, 39, 40, 42, 49, 51, 57, 59, 64, 68.
2.7: 72, 74, 78, 79, 82, 83.
2.8: 84, 88, 90, 95, 97, 100, 104, 107, 108, 109.
2.9: 110, 112, 114, 117, 118, 119, 121.
2.10: 124, 125, 128,, 129, 132, 133, 136, 137
S: 148, 151, 149, 155, 156, 163, 178, 180.
3.2: 4, 6, 8, 11.
3.3:12, 14, 15, 18, 20, 24, 26, 29, 32.
3.4: 36, 38, 40, 43, 48, 51, 53, 58, 60, 61, 64, 65.
3.5: 66, 69, 71, 75, 78, 83, 88.
3.7: 102, 104, 106, 108,110,113, 119.
3.8: 122, 125, 129, 132, 135, 138, 140, 142.
3.9: 148, 153, 157, 160, 162, 163,
S: 184, 187, 194, 197, 202, 204, 206, 214, 215.
4.2:2, 4, 5, 8, 10, 11,12, 14, 18.
4.3: 20, 22, 28, 30, 32, 35, 36, 37.
4.4: 40, 42, 44, 47, 50, 53.
4.5: 58, 60, 62, 64, 70, 72,76, 80.
4.6: 82, 88, 92, 94, 94, 98, 104, 109, 112.
4.7: 124, 126 131, 133.
4.9: 138, 140, 145.
S: 162, 168, 171, 174, 179, 182, 185, 186,191 193, 196.
5.1: 4, 6, 9, 11, 13, 6, 18.
5.2: 22, 24, 25, 26, 33, 37,39Å]42.
5.4: 45, 48, 52, 58, 62, 65, 66, 68, 70.
5.6:72, 75, 78, 82, 84, 86.
5.7: 90, 94, 95, 96, 100, 101.
5.8: 102, 104, 108, 110 , 114.
5.9: 120, 123, 126.
5.11: 134, 138, 139, 142, 143.
S: 146, 149, 152, 155, 157, 159.